DATASET_PIECHART
SEPARATOR TAB
DATASET_LABEL	state
COLOR	#ff0000
FIELD_COLORS	#1f78b480	#33a02c80	#e31a1c80	#ff7f0080	#6a3d9a80
FIELD_LABELS	erroneous	output_type	primary	absent	secondary
DATA
p__Halobacterota	1	1.7320508075688772	0	0	0	3	0
f__Methanomethylophilaceae	1	3.0	0	0	0	0	9
f__Methanomassiliicoccaceae	1	2.23606797749979	0	0	0	1	4
p__Euryarchaeota	1	3.3166247903554	0	0	0	0	11
f__Propionibacteriaceae	1	2.6457513110645907	0	0	0	1	6
f__Mycobacteriaceae	1	5.0	0	0	0	4	21
f__Actinomycetaceae	1	6.48074069840786	0	0	0	8	34
f__Cellulomonadaceae	1	1.7320508075688772	0	0	0	0	3
f__Micrococcaceae	1	3.605551275463989	0	0	0	3	10
f__Bifidobacteriaceae	1	5.0990195135927845	0	0	0	4	22
f__Brevibacteriaceae	1	1.7320508075688772	0	0	0	1	2
f__QAMH01	1	2.6457513110645907	0	0	0	1	6
f__Atopobiaceae	1	6.164414002968976	0	0	0	5	33
f__Eggerthellaceae	1	8.54400374531753	0	0	0	8	65
f__Coriobacteriaceae	1	24.145392935299274	0	0	0	152	431
o__Rhizobiales	1	2.449489742783178	0	0	0	0	6
o__Rs-D84	1	2.449489742783178	0	0	0	6	0
f__CAG-239	1	5.477225575051661	0	0	0	10	20
f__CAG-977	1	3.1622776601683795	0	0	0	0	10
f__Pseudomonadaceae	1	3.1622776601683795	0	0	2	0	8
f__Moraxellaceae	1	3.4641016151377544	0	0	0	0	12
f__Xanthomonadaceae	1	3.1622776601683795	0	0	0	1	9
f__Neisseriaceae	1	2.8284271247461903	1	0	0	0	7
f__Burkholderiaceae	1	8.888194417315589	8	0	1	2	68
f__Vibrionaceae	1	2.6457513110645907	0	0	0	0	7
f__Pasteurellaceae	1	4.69041575982343	0	0	0	0	22
f__Succinivibrionaceae	1	4.0	0	0	0	0	16
f__Enterobacteriaceae	1	10.63014581273465	0	0	29	0	84
f__Aeromonadaceae	1	2.449489742783178	0	0	0	0	6
f__Dethiosulfovibrionaceae	1	2.0	0	0	1	1	2
f__Synergistaceae	1	2.0	0	0	0	0	4
f__Campylobacteraceae	1	5.5677643628300215	0	0	0	0	31
f__Helicobacteraceae	1	3.872983346207417	0	0	0	4	11
f__UBA1820	1	2.0	0	0	0	0	4
f__Coprobacteraceae	1	2.0	0	0	0	0	4
f__Dysgonomonadaceae	1	2.6457513110645907	0	0	0	1	6
f__Marinifilaceae	1	4.358898943540674	0	0	0	1	18
f__Paludibacteraceae	1	3.3166247903554	0	0	0	8	3
f__Tannerellaceae	1	5.196152422706632	0	0	0	0	27
f__Rikenellaceae	1	7.681145747868608	0	0	0	20	39
f__Barnesiellaceae	1	2.6457513110645907	0	0	0	2	5
f__Muribaculaceae	1	11.180339887498949	0	0	0	15	110
f__Porphyromonadaceae	1	4.898979485566356	0	0	13	7	4
f__Bacteroidaceae	1	15.905973720586866	0	0	1	11	241
f__UBA932	1	6.48074069840786	0	0	0	10	32
f__UBA11471	1	2.23606797749979	0	0	0	0	5
f__P3	1	2.449489742783178	0	0	0	3	3
f__F082	1	2.0	0	0	0	1	3
f__UBA1255	1	2.449489742783178	0	0	0	1	5
f__Butyricicoccaceae	1	4.795831523312719	0	0	1	5	17
f__UBA644	1	2.23606797749979	0	0	0	1	4
f__Acutalibacteraceae	1	14.798648586948742	0	0	0	26	193
f__Oscillospiraceae	1	15.297058540778355	0	0	39	20	175
f__UBA644_A	1	2.0	0	0	0	1	3
f__QAMX01	1	1.7320508075688772	0	0	0	0	3
f__CAG-272	1	8.246211251235321	0	0	0	5	63
f__CAG-382	1	3.7416573867739413	0	0	0	2	12
f__Ruminococcaceae	1	13.0	0	0	1	23	145
f__Clostridiaceae	1	6.708203932499369	0	0	13	0	32
f__Ezakiellaceae	1	2.8284271247461903	0	0	0	1	7
f__Helcococcaceae	1	6.244997998398398	0	0	9	9	21
f__Peptoniphilaceae	1	4.358898943540674	0	0	7	1	11
f__Cellulosilyticaceae	1	1.7320508075688772	0	0	0	0	3
f__CAG-274	1	3.3166247903554	0	0	0	2	9
f__Anaerotignaceae	1	2.8284271247461903	0	0	0	2	6
f__Lachnospiraceae	1	21.6794833886788	0	0	0	17	453
f__UBA1390	1	2.0	0	0	0	0	4
f__CAG-314	1	3.605551275463989	0	0	1	6	6
f__CAG-552	1	4.123105625617661	0	0	1	3	13
f__CAG-917	1	4.898979485566356	0	0	0	17	7
f__UBA1242	1	5.385164807134504	0	0	0	29	0
f__CAG-727	1	7.810249675906654	0	0	0	7	54
f__Eubacteriaceae	1	1.7320508075688772	0	0	0	0	3
f__Peptostreptococcaceae	1	5.0	0	0	11	0	14
f__Anaerovoracaceae	1	6.855654600401044	0	0	1	3	43
o__Saccharofermentanales	1	1.7320508075688772	0	0	0	0	3
f__QAND01	1	2.0	0	0	0	2	2
f__CAG-74	1	6.0	0	0	0	0	36
f__CAG-138	1	5.0	0	0	5	1	19
f__QALW01	1	3.0	0	0	0	1	8
f__Christensenellaceae	1	3.4641016151377544	0	0	0	1	11
f__UBA1381	1	3.1622776601683795	0	0	0	4	6
f__UBA9506	1	1.7320508075688772	0	0	0	0	3
f__Monoglobaceae	1	3.3166247903554	0	0	0	1	10
f__UBA1234	1	2.0	0	0	0	4	0
f__CAG-508	1	10.14889156509222	0	0	0	102	1
f__CAG-465	1	2.8284271247461903	0	0	0	8	0
f__Selenomonadaceae	1	4.0	0	0	0	1	15
f__Negativicoccaceae	1	2.0	0	0	0	0	4
f__Dialisteraceae	1	5.0	0	0	0	7	18
f__Veillonellaceae	1	6.244997998398398	0	0	1	3	35
f__Megasphaeraceae	1	4.69041575982343	0	0	13	2	7
f__Acidaminococcaceae	1	6.164414002968976	0	0	0	10	28
c__Dehalobacteriia	1	1.7320508075688772	0	0	0	2	1
f__Peptococcaceae	1	3.1622776601683795	0	0	0	2	8
p__Eremiobacterota	1	2.0	0	0	0	2	2
f__Sphaerochaetaceae	1	2.23606797749979	0	0	0	2	3
o__Treponematales	1	3.4641016151377544	0	0	0	0	12
p__Elusimicrobiota	1	2.449489742783178	0	0	0	0	6
f__Desulfovibrionaceae	1	5.196152422706632	0	0	0	4	23
f__Leptotrichiaceae	1	2.23606797749979	0	0	1	1	3
f__Fusobacteriaceae	1	5.477225575051661	0	0	24	1	5
f__UBA1067	1	2.449489742783178	0	0	0	1	5
f__UBA1829	1	3.4641016151377544	0	0	0	2	10
f__Victivallaceae	1	3.4641016151377544	0	0	0	2	10
o__UBA1407	1	1.7320508075688772	0	0	0	0	3
o__Verrucomicrobiales	1	3.3166247903554	0	0	0	0	11
f__CAG-312	1	4.123105625617661	0	0	0	2	15
p__Patescibacteria	1	3.3166247903554	0	0	0	11	0
p__Firmicutes_I	1	5.0	0	0	0	0	25
f__Aerococcaceae	1	2.0	0	0	0	0	4
f__Listeriaceae	1	2.0	0	0	0	0	4
f__Lactobacillaceae	1	8.12403840463596	0	0	0	25	41
f__Enterococcaceae	1	4.47213595499958	0	0	0	0	20
f__Streptococcaceae	1	7.810249675906654	0	0	0	2	59
f__CAG-288	1	3.1622776601683795	0	0	0	2	8
f__CAG-449	1	2.23606797749979	0	0	0	1	4
f__CAG-631	1	2.23606797749979	0	0	0	1	4
f__CAG-826	1	3.7416573867739413	0	0	0	4	10
o__Mycoplasmatales	1	2.0	0	0	0	4	0
o__Acholeplasmatales	1	2.449489742783178	0	0	0	0	6
f__CAG-698	1	1.7320508075688772	0	0	0	1	2
f__CAG-313	1	3.1622776601683795	0	0	0	7	3
f__CAG-433	1	2.8284271247461903	0	0	0	8	0
f__CAG-611	1	5.916079783099616	0	0	0	33	2
f__CAG-1000	1	6.6332495807108	0	0	0	44	0
f__CAG-302	1	4.58257569495584	0	0	0	21	0
f__CAG-822	1	5.291502622129181	0	0	0	27	1
f__UBA5348	1	1.7320508075688772	0	0	0	3	0
f__Planococcaceae	1	2.6457513110645907	0	0	3	0	4
o__Exiguobacterales	1	1.7320508075688772	0	0	0	0	3
f__Staphylococcaceae	1	3.7416573867739413	0	0	0	0	14
f__Gemellaceae	1	2.6457513110645907	0	0	0	2	5
f__Erysipelatoclostridiaceae	1	5.0	0	0	0	0	25
f__Erysipelotrichaceae	1	6.48074069840786	0	0	0	7	35
f__Amphibacillaceae	1	2.6457513110645907	0	0	4	0	3
f__Bacillaceae_A	1	3.3166247903554	0	0	8	0	3
f__Bacillaceae_G	1	2.0	0	0	3	0	1
f__Bacillaceae	1	2.0	0	0	0	0	4
f__Gastranaerophilaceae	1	7.615773105863909	0	0	0	6	52
