DATASET_PIECHART
SEPARATOR TAB
DATASET_LABEL	state
COLOR	#ff0000
FIELD_COLORS	#1f78b480	#33a02c80
FIELD_LABELS	Absent	Present
DATA
g__UBA71	1	2.807354922057604	6	0
p__Euryarchaeota	1	3.5849625007211565	11	0
c__Actinobacteria	1	6.965784284662088	123	0
f__QAMH01	1	3.0	7	0
g__Libanicoccus	1	3.1699250014423126	8	0
g__Olsenella_E	1	3.1699250014423126	8	0
g__Lancefieldella	1	3.1699250014423126	8	0
f__Eggerthellaceae	1	6.209453365628951	73	0
f__Coriobacteriaceae	1	9.189824558880018	576	0
p__Elusimicrobiota	1	2.807354922057604	6	0
o__Rhizobiales	1	2.807354922057604	6	0
o__Rs-D84	1	2.807354922057604	6	0
o__RF32	1	5.523561956057013	45	0
g__Pseudomonas_E	1	2.807354922057604	4	2
f__Moraxellaceae	1	3.700439718141092	12	0
g__Stenotrophomonas	1	3.3219280948873626	2	7
f__Neisseriaceae	1	3.1699250014423126	8	0
g__Sutterella	1	4.807354922057604	27	0
g__Duodenibacillus	1	3.700439718141092	11	1
g__Oxalobacter	1	3.0	7	0
g__CAG-521	1	3.9068905956085187	14	0
f__Vibrionaceae	1	3.0	7	0
g__Succinivibrio	1	3.3219280948873626	5	4
f__Pasteurellaceae	1	4.523561956057013	22	0
g__Yersinia	1	3.5849625007211565	0	11
g__Providencia	1	2.807354922057604	0	6
g__Pantoea	1	3.1699250014423126	0	8
g__Citrobacter	1	3.1699250014423126	0	8
g__Enterobacter	1	3.8073549220576037	0	13
f__Aeromonadaceae	1	2.807354922057604	6	0
p__Synergistota	1	3.3219280948873626	9	0
g__Campylobacter_A	1	3.9068905956085187	14	0
g__Campylobacter_D	1	2.807354922057604	5	1
g__Campylobacter	1	2.807354922057604	6	0
f__Helicobacteraceae	1	4.0	6	9
o__Flavobacteriales	1	3.1699250014423126	6	2
o__Bacteroidales	1	9.219168520462162	590	0
p__Firmicutes_C	1	7.219168520462162	148	0
p__Firmicutes_B	1	3.9068905956085187	14	0
p__Spirochaetota	1	4.321928094887363	19	0
o__UBA1212	1	2.807354922057604	6	0
f__Butyricicoccaceae	1	4.584962500721157	23	0
g__CAG-180	1	3.3219280948873626	9	0
g__UBA1691	1	2.807354922057604	6	0
g__UBA737	1	4.321928094887363	17	2
g__Acutalibacter	1	3.5849625007211565	11	0
g__Eubacterium_R	1	4.954196310386876	30	0
g__Ruminococcus_E	1	3.5849625007211565	10	1
g__CAG-177	1	2.807354922057604	6	0
f__CAG-272	1	6.10852445677817	68	0
g__CAG-170	1	3.8073549220576037	13	0
g__CAG-83	1	4.857980995127573	28	0
g__Lawsonibacter	1	4.08746284125034	16	0
g__Intestinimonas	1	2.807354922057604	6	0
g__CAG-110	1	5.247927513443585	37	0
g__Oscillibacter	1	4.700439718141093	25	0
g__UBA5446	1	3.5849625007211565	11	0
g__CAG-103	1	2.807354922057604	6	0
g__ER4	1	3.5849625007211565	11	0
g__UBA1777	1	4.247927513443585	18	0
g__F23-B02	1	3.700439718141092	12	0
g__Flavonifractor	1	3.0	7	0
g__Ruminiclostridium_E	1	3.1699250014423126	8	0
g__Ruminococcus_D	1	3.1699250014423126	8	0
g__Faecalibacterium	1	4.807354922057604	27	0
g__CAG-115	1	3.1699250014423126	8	0
g__Negativibacillus	1	2.807354922057604	6	0
g__Ruminococcus_C	1	3.1699250014423126	8	0
g__Gemmiger	1	4.08746284125034	16	0
g__Ruminococcus	1	3.4594316186372978	10	0
f__CAG-382	1	3.9068905956085187	14	0
g__Clostridium_J	1	2.807354922057604	6	0
g__Clostridium	1	4.459431618637297	20	1
o__Tissierellales	1	6.189824558880018	72	0
f__CAG-274	1	3.5849625007211565	11	0
f__Anaerotignaceae	1	3.1699250014423126	8	0
g__UBA7096	1	3.3219280948873626	9	0
g__Faecalicatena	1	4.906890595608519	29	0
g__TF01-11	1	3.3219280948873626	9	0
g__Oribacterium	1	3.0	7	0
g__Eubacterium_G	1	3.0	7	0
g__Clostridium_M	1	4.700439718141093	25	0
g__CAG-127	1	2.807354922057604	6	0
g__Eubacterium_I	1	2.807354922057604	6	0
g__Coprococcus	1	3.3219280948873626	9	0
g__Roseburia	1	3.700439718141092	12	0
g__Anaerostipes	1	3.3219280948873626	9	0
g__Dorea	1	4.523561956057013	22	0
g__Clostridium_Q	1	2.807354922057604	6	0
g__Blautia	1	4.392317422778761	20	0
g__UBA9502	1	3.1699250014423126	8	0
g__CAG-590	1	2.807354922057604	6	0
g__CAG-56	1	2.807354922057604	5	0
g__Eisenbergiella	1	3.5849625007211565	10	0
g__CAG-81	1	2.807354922057604	6	0
g__CAG-95	1	3.0	7	0
g__Agathobacter	1	3.4594316186372978	10	0
g__Lachnospira	1	3.700439718141092	12	0
g__Tyzzerella	1	3.1699250014423126	8	0
g__Blautia_A	1	5.20945336562895	35	0
g__Acetatifactor	1	3.5849625007211565	11	0
o__4C28d-15	1	7.312882955284356	158	0
o__Eubacteriales	1	2.807354922057604	5	0
f__Peptostreptococcaceae	1	4.700439718141093	25	0
g__UBA1191	1	3.3219280948873626	9	0
g__CAG-145	1	3.700439718141092	12	0
g__Mogibacterium	1	3.0	6	0
o__Christensenellales	1	6.507794640198696	88	0
o__Monoglobales	1	5.523561956057013	45	0
o__TANB77	1	6.882643049361842	117	0
p__Desulfobacterota_A	1	4.807354922057604	27	0
p__Fusobacteriota	1	5.169925001442312	35	0
p__Verrucomicrobiota	1	6.066089190457772	66	0
p__Patescibacteria	1	3.5849625007211565	11	0
g__Paenibacillus	1	2.807354922057604	4	2
g__Lactobacillus_H	1	3.3219280948873626	5	4
g__Lactobacillus	1	4.321928094887363	17	2
g__Lactobacillus_B	1	2.807354922057604	3	3
g__Lactobacillus_G	1	3.1699250014423126	6	2
g__Enterococcus_A	1	2.807354922057604	0	6
g__Lactococcus	1	3.1699250014423126	4	4
g__Streptococcus	1	5.754887502163469	53	0
o__RFN20	1	5.129283016944966	34	0
o__Acholeplasmatales	1	2.807354922057604	6	0
o__ML615J-28	1	3.8073549220576037	13	0
o__RF39	1	7.129283016944966	138	0
f__Planococcaceae	1	3.0	4	3
g__Staphylococcus	1	3.8073549220576037	1	12
f__Gemellaceae	1	3.0	7	0
o__Erysipelotrichales	1	6.08746284125034	66	0
f__Amphibacillaceae	1	3.0	2	5
f__Bacillaceae_A	1	3.5849625007211565	5	6
p__Cyanobacteria	1	6.0	63	0
