DATASET_EXTERNALSHAPE
SEPARATOR TAB
DATASET_LABEL	state
COLOR	#ff0000
FIELD_COLORS	# TODO: more than 12 type; Please add color palette here; separated by tab
FIELD_LABELS	mccB	mccA	yhaO	tnaA	sseA	metC	dcyD	malY	aspC	mgl	yhaM	cysM	iscS	cysK	gene_name
DATA
p__Halobacterota	0.816	0.0	0.0	0.0	0.0	0.0	0.0	0.0	0.0	0.0	0.0	0.0	0.0	0.0	0.0
g__UBA71	0.0	0.0	0.0	0.0	0.0	0.0	0.0	0.0	0.0	0.0	0.0	0.0	0.0	1.0	0.0
g__Methanomassiliicoccus_A	0.0	0.0	0.0	0.0	0.0	0.0	0.0	0.0	0.0	0.0	0.0	0.0	0.0	0.866	0.0
g__Methanobrevibacter_A	0.0	0.0	0.0	0.0	0.0	0.0	0.0	0.655	0.0	0.0	0.0	0.0	0.0	0.926	0.0
g__Methanosphaera	0.0	0.0	0.0	0.0	0.0	0.0	0.0	0.577	0.0	0.0	0.0	0.0	0.0	1.0	0.0
g__Cutibacterium	0.0	0.0	0.577	0.0	0.0	0.0	0.0	0.0	0.0	0.0	0.577	0.0	0.0	1.0	0.0
g__Corynebacterium	0.816	0.0	0.0	0.0	0.0	0.0	0.0	0.0	0.0	0.0	0.0	0.0	0.0	0.926	0.0
g__Pauljensenia	0.0	0.0	0.0	0.0	0.0	0.0	0.0	0.0	0.0	0.0	0.0	0.0	0.0	0.816	0.0
g__Varibaculum	0.0	0.0	0.0	0.0	0.0	0.0	0.0	0.0	0.0	0.0	0.0	0.0	0.0	0.913	0.0
g__Actinomyces	0.0	0.0	0.0	0.0	0.0	0.0	0.0	0.775	0.0	0.0	0.0	0.0	0.0	1.0	0.0
f__Cellulomonadaceae	0.816	0.0	0.0	0.0	0.0	0.0	0.0	0.0	0.0	0.0	0.0	0.0	0.0	1.0	0.0
g__Rothia	0.0	0.0	0.0	0.0	0.0	0.0	0.0	0.0	0.0	0.0	0.0	0.0	0.0	0.837	0.0
g__Bifidobacterium	0.808	0.0	0.0	0.0	0.0	0.0	0.0	0.78	0.0	0.0	0.0	0.0	0.0	0.511	0.0
g__Brevibacterium	0.577	0.0	0.0	0.0	0.0	0.0	0.0	0.0	0.0	0.0	0.0	0.0	0.0	0.816	0.0
g__QAMH01	0.378	0.0	0.0	0.0	0.0	0.0	0.0	0.378	0.0	0.0	0.0	0.0	0.0	0.926	0.0
g__Libanicoccus	0.5	0.0	0.0	0.0	0.0	0.0	0.0	0.707	0.0	0.0	0.0	0.0	0.0	1.0	0.0
g__Olsenella_E	0.0	0.0	0.0	0.0	0.0	0.0	0.0	0.354	0.0	0.0	1.0	0.0	0.0	1.0	0.0
g__Olsenella_B	0.866	0.0	0.0	0.0	0.0	0.0	0.0	0.0	0.0	0.0	0.866	0.0	0.0	1.0	0.0
g__Lancefieldella	0.0	0.0	0.0	0.0	0.0	0.0	0.0	0.791	0.0	0.0	0.0	0.0	0.0	0.0	0.0
g__Eggerthella	0.0	0.0	0.0	0.0	0.0	0.0	0.0	0.577	0.0	0.0	0.577	0.0	0.0	0.816	0.0
g__Slackia_A	0.0	0.0	0.0	0.0	0.0	0.0	0.0	0.408	0.0	0.0	0.0	0.0	0.0	0.816	0.0
g__CAG-1427	0.192	0.0	0.0	0.0	0.0	0.0	0.0	0.43	0.0	0.0	0.0	0.0	0.0	0.943	0.0
g__Senegalimassilia	0.913	0.0	0.0	0.0	0.0	0.0	0.0	0.913	0.0	0.0	0.0	0.0	0.0	1.0	0.0
g__Gordonibacter	0.0	0.0	0.0	0.0	0.0	0.0	0.0	0.0	0.0	0.0	0.707	0.0	0.0	1.0	0.0
g__Enorma	0.0	0.0	0.0	0.0	0.0	0.0	0.0	0.5	0.0	0.0	0.866	0.0	0.0	1.0	0.0
g__Collinsella	0.0	0.0	0.0	0.0	0.0	0.0	0.0	0.0	0.0	0.0	0.88	0.0	0.0	0.859	0.0
o__Rhizobiales	0.0	0.0	0.0	0.0	0.0	1.0	0.0	0.0	0.0	0.0	0.0	0.0	0.0	1.0	0.0
o__Rs-D84	0.0	0.0	0.0	0.0	0.0	0.0	0.0	0.0	0.0	0.0	0.0	0.0	0.0	0.0	0.0
o__RF32	0.0	0.0	0.0	0.0	0.0	0.0	0.0	0.0	0.0	0.0	0.0	0.0	0.0	0.789	0.0
g__Pseudomonas_E	0.577	0.0	0.0	0.0	0.0	0.0	0.577	0.408	1.0	0.577	0.0	0.913	0.913	0.913	0.0
g__Acinetobacter	0.0	0.0	0.0	0.0	0.0	0.289	0.0	0.0	0.707	0.0	0.0	1.0	0.957	0.866	0.0
g__Stenotrophomonas	0.943	0.0	0.0	0.0	0.0	0.0	0.0	0.0	1.0	0.0	0.0	0.0	0.0	0.943	0.0
g__Neisseria	0.0	0.0	0.0	0.0	0.0	0.0	0.0	0.0	1.0	0.0	0.0	0.0	0.866	1.0	0.0
g__Dakarella	0.0	0.0	0.0	0.0	0.0	0.0	0.0	0.816	0.816	0.0	0.0	0.0	0.816	0.816	0.0
g__Sutterella	0.385	0.0	0.0	0.0	0.0	0.509	0.0	0.667	0.861	0.0	0.667	0.385	1.0	0.72	0.0
g__CAG-521	0.0	0.0	0.0	0.0	0.0	0.802	0.0	0.378	0.845	0.0	0.964	0.0	0.926	0.0	0.0
g__Duodenibacillus	0.289	0.0	0.0	0.0	0.0	0.816	0.0	0.5	1.0	0.0	0.289	0.0	1.0	1.0	0.0
g__Oxalobacter	0.0	0.0	0.0	0.0	0.0	0.756	0.0	0.378	0.845	0.0	0.0	0.0	1.0	0.926	0.0
g__Parasutterella	0.0	0.0	0.0	0.0	0.0	0.894	0.0	0.0	0.894	0.0	0.894	0.0	1.0	0.894	0.0
g__Vibrio	0.0	0.0	0.577	0.707	0.0	1.0	0.0	0.707	1.0	0.0	0.577	0.577	1.0	0.816	0.0
g__Haemophilus_D	0.935	0.0	0.0	0.0	0.0	0.968	0.0	0.0	0.968	0.0	0.935	0.0	0.968	0.935	0.0
g__Haemophilus_A	0.577	0.0	0.0	0.0	0.0	0.816	0.0	0.0	0.816	0.0	0.816	0.0	0.816	0.816	0.0
g__Succinivibrio	0.577	0.0	0.0	0.0	0.0	0.0	0.0	0.943	0.943	0.0	0.0	0.0	0.0	0.745	0.0
g__Escherichia	0.0	0.0	1.0	1.0	1.0	1.0	1.0	1.0	1.0	0.447	1.0	1.0	1.0	1.0	0.0
g__Providencia	0.913	0.0	0.913	0.0	0.0	1.0	1.0	0.0	1.0	0.913	0.913	1.0	1.0	1.0	0.0
g__Proteus	0.632	0.0	1.0	0.0	0.0	0.894	0.0	0.447	0.894	0.894	1.0	1.0	1.0	1.0	0.0
g__Kluyvera	0.816	0.0	0.816	0.816	1.0	1.0	1.0	1.0	1.0	0.0	1.0	1.0	1.0	1.0	0.0
g__Pantoea	0.0	0.0	0.0	0.354	1.0	1.0	0.866	0.935	1.0	0.0	0.0	0.935	0.935	0.935	0.0
g__Citrobacter	0.0	0.0	1.0	0.0	1.0	1.0	1.0	1.0	1.0	1.0	1.0	1.0	1.0	1.0	0.0
g__Morganella	0.0	0.0	1.0	0.816	1.0	1.0	1.0	1.0	1.0	1.0	0.816	1.0	0.816	1.0	0.0
g__Klebsiella	0.866	0.0	0.0	0.0	0.866	1.0	0.866	0.707	1.0	0.0	0.707	0.866	1.0	1.0	0.0
g__Yersinia	1.0	0.0	0.603	0.739	1.0	1.0	1.0	1.0	1.0	0.302	0.739	1.0	1.0	1.0	0.0
g__Enterobacter	1.0	0.0	0.832	0.0	1.0	1.0	0.961	1.0	1.0	0.0	0.832	1.0	0.961	1.0	0.0
g__Serratia	1.0	0.0	0.5	0.0	1.0	1.0	1.0	1.0	1.0	0.707	0.5	1.0	1.0	1.0	0.0
g__Klebsiella_A	0.866	0.0	0.5	1.0	1.0	1.0	1.0	1.0	1.0	0.0	1.0	1.0	1.0	1.0	0.0
g__Citrobacter_A	0.0	0.0	1.0	1.0	1.0	1.0	0.866	1.0	1.0	0.0	1.0	1.0	1.0	0.866	0.0
g__Metakosakonia	1.0	0.0	0.0	0.707	1.0	1.0	1.0	0.707	1.0	0.0	0.0	1.0	0.866	1.0	0.0
g__Aeromonas	0.0	0.0	0.816	0.577	0.0	0.0	0.0	1.0	1.0	0.0	1.0	0.816	1.0	1.0	0.0
g__Pyramidobacter	0.0	0.0	0.0	0.0	0.0	0.0	0.0	0.816	0.0	0.0	0.816	0.0	0.0	0.0	0.0
f__Synergistaceae	0.0	0.0	0.0	0.0	0.0	0.0	0.0	1.0	0.0	0.0	1.0	0.0	0.0	1.0	0.0
g__Campylobacter_A	1.0	0.0	0.0	0.0	0.0	0.0	0.0	1.0	0.0	0.0	0.0	0.0	0.0	1.0	0.0
g__Campylobacter_D	0.408	0.0	0.0	0.0	0.0	0.707	0.0	0.0	0.0	0.0	0.0	0.0	0.0	0.913	0.0
g__Campylobacter_B	0.447	0.0	0.0	0.0	0.0	0.0	0.0	0.632	0.0	0.0	0.0	0.0	0.0	1.0	0.0
g__Campylobacter	0.0	0.0	0.0	0.0	0.0	0.0	0.0	0.0	0.0	0.0	0.0	0.0	0.0	1.0	0.0
g__Helicobacter_B	1.0	0.0	0.0	0.0	0.0	0.0	0.0	0.0	0.0	0.0	0.0	0.0	0.0	1.0	0.0
g__Helicobacter_D	0.5	0.0	0.0	0.0	0.0	0.0	0.0	0.0	0.0	0.0	0.0	0.0	0.0	1.0	0.0
f__UBA1820	0.0	0.0	0.0	0.0	0.0	0.0	0.0	0.0	0.0	0.0	1.0	0.0	0.0	1.0	0.0
g__Coprobacter	0.0	0.0	0.0	0.0	0.0	0.0	0.0	1.0	0.0	0.0	0.866	0.0	0.0	0.707	0.0
g__Dysgonomonas	0.408	0.0	0.0	0.0	0.0	0.0	0.0	0.913	0.0	0.0	1.0	0.0	0.0	0.816	0.0
g__Odoribacter	0.0	0.0	0.0	0.0	0.0	0.0	0.0	0.935	0.0	0.0	0.935	0.0	0.0	0.0	0.0
g__Butyricimonas	0.0	0.0	0.0	0.0	0.0	0.0	0.0	1.0	0.0	0.0	0.943	0.0	0.0	0.0	0.0
g__RF16	0.0	0.0	0.0	0.0	0.0	0.0	0.0	0.408	0.0	0.0	0.816	0.0	0.0	0.408	0.0
g__Parabacteroides	0.0	0.0	0.0	0.0	0.0	0.0	0.0	1.0	0.0	0.0	0.962	0.0	0.0	0.962	0.0
g__Alistipes_A	0.0	0.0	0.0	0.0	0.0	0.0	0.0	0.894	0.0	0.0	0.0	0.0	0.0	0.949	0.0
g__Alistipes	0.0	0.0	0.0	0.0	0.0	0.0	0.0	0.69	0.0	0.0	0.951	0.0	0.0	0.408	0.0
g__Barnesiella	0.0	0.0	0.0	0.0	0.0	0.0	0.0	0.845	0.0	0.0	0.756	0.0	0.0	0.655	0.0
g__CAG-873	0.0	0.0	0.0	0.0	0.0	0.0	0.0	0.947	0.0	0.0	0.371	0.0	0.0	0.455	0.0
g__CAG-279	0.0	0.0	0.0	0.0	0.0	0.0	0.0	0.882	0.0	0.0	0.0	0.0	0.0	1.0	0.0
g__Duncaniella	0.0	0.0	0.0	0.0	0.0	0.0	0.0	1.0	0.0	0.0	0.577	0.0	0.0	0.816	0.0
g__Paramuribaculum	0.0	0.0	0.0	0.0	0.0	0.0	0.0	0.949	0.0	0.0	0.447	0.0	0.0	0.0	0.0
g__CAG-485	0.0	0.0	0.0	0.0	0.0	0.0	0.0	0.802	0.0	0.0	0.945	0.0	0.0	0.267	0.0
g__C941	0.0	0.0	0.0	0.0	0.0	0.0	0.0	0.894	0.0	0.0	1.0	0.0	0.0	0.775	0.0
g__Muribaculum	0.0	0.0	0.0	0.0	0.0	0.0	0.0	1.0	0.0	0.0	0.0	0.0	0.0	1.0	0.0
g__UBA7173_A	0.0	0.0	0.0	0.0	0.0	0.0	0.0	1.0	0.0	0.0	0.577	0.0	0.0	0.816	0.0
g__K10	0.0	0.0	0.0	0.0	0.0	0.0	0.0	1.0	0.0	0.0	0.0	0.0	0.0	0.866	0.0
g__UBA7173	0.0	0.0	0.0	0.0	0.0	0.0	0.0	1.0	0.0	0.0	0.0	0.0	0.0	0.426	0.0
g__Porphyromonas	0.0	0.0	0.0	0.0	0.0	0.0	0.0	0.456	0.0	0.736	0.866	0.0	0.0	0.0	0.0
g__CAG-462	0.0	0.0	0.0	0.0	0.0	0.0	0.0	1.0	0.0	0.0	1.0	0.0	0.0	0.707	0.0
g__Paraprevotella	0.0	0.0	0.0	0.0	0.0	0.0	0.0	1.0	0.0	0.0	0.926	0.0	0.0	0.926	0.0
g__CAG-617	0.0	0.0	0.0	0.0	0.0	0.0	0.0	0.707	0.0	0.0	0.866	0.0	0.0	0.707	0.0
g__Prevotellamassilia	0.0	0.0	0.0	0.0	0.0	0.0	0.0	0.661	0.0	0.0	0.935	0.0	0.0	0.866	0.0
g__UBA6398	0.0	0.0	0.0	0.0	0.0	0.0	0.0	1.0	0.0	0.0	0.0	0.0	0.0	1.0	0.0
g__Bacteroides_A	0.0	0.0	0.0	0.0	0.0	0.0	0.0	0.983	0.0	0.0	0.983	0.0	0.0	0.931	0.0
g__Bacteroides_B	0.0	0.0	0.0	0.0	0.0	0.0	0.0	1.0	0.0	0.0	1.0	0.0	0.0	1.0	0.0
g__F0040	0.0	0.0	0.0	0.0	0.0	0.0	0.0	0.866	0.0	0.0	0.5	0.0	0.0	0.866	0.0
g__UBA4372	0.0	0.0	0.0	0.0	0.0	0.0	0.0	0.707	0.0	0.0	0.5	0.0	0.0	0.5	0.0
g__Prevotella	0.0	0.0	0.0	0.0	0.0	0.0	0.0	0.944	0.0	0.095	0.94	0.0	0.0	0.838	0.0
g__Bacteroides	0.0	0.0	0.0	0.0	0.0	0.0	0.0	0.99	0.0	0.0	0.99	0.0	0.0	0.98	0.0
g__RC9	0.0	0.0	0.0	0.0	0.0	0.0	0.0	0.824	0.0	0.0	0.802	0.0	0.0	0.189	0.0
g__CAG-831	0.0	0.0	0.0	0.0	0.0	0.0	0.0	1.0	0.0	0.0	0.943	0.0	0.0	0.0	0.0
g__UBA11471	0.0	0.0	0.0	0.0	0.0	0.0	0.0	0.894	0.0	0.0	1.0	0.0	0.0	0.775	0.0
g__UBA3388	0.0	0.0	0.0	0.0	0.0	0.0	0.0	0.5	0.0	0.0	1.0	0.0	0.0	0.0	0.0
f__F082	0.0	0.0	0.0	0.0	0.0	0.0	0.0	0.866	0.0	0.0	0.866	0.0	0.0	0.0	0.0
o__UBA1212	0.0	0.0	0.0	0.0	0.0	0.0	0.0	0.0	0.0	0.0	0.0	0.0	0.0	0.913	0.0
g__UBA4644	0.0	0.0	0.0	0.0	0.0	0.0	0.0	1.0	0.0	0.577	0.577	0.0	0.0	0.577	0.0
g__Butyricicoccus	0.0	0.0	0.0	0.0	0.0	0.0	0.0	0.0	0.0	0.0	0.866	0.0	0.0	0.866	0.0
g__Agathobaculum	0.0	0.0	0.0	0.0	0.0	0.0	0.0	0.316	0.0	0.0	0.447	0.0	0.0	0.775	0.0
f__UBA644	0.0	0.0	0.0	0.0	0.0	0.0	0.0	0.447	0.0	0.0	0.0	0.0	0.0	0.894	0.0
g__UBA1417	0.0	0.0	0.0	0.0	0.0	0.0	0.0	0.816	0.0	0.0	0.816	0.0	0.0	1.0	0.0
g__UBA6857	0.0	0.0	0.0	0.0	0.0	0.0	0.0	0.577	0.0	0.0	0.577	0.0	0.0	1.0	0.0
g__CAG-180	0.0	0.0	0.0	0.0	0.0	0.0	0.0	0.0	0.0	0.0	0.0	0.0	0.0	0.943	0.0
g__UBA5905	0.0	0.0	0.0	0.0	0.0	0.0	0.0	0.0	0.0	0.0	0.0	0.0	0.0	0.866	0.0
g__UBA1691	0.0	0.0	0.0	0.0	0.0	0.0	0.0	0.0	0.0	0.0	0.408	0.0	0.0	1.0	0.0
g__UBA737	0.397	0.324	0.0	0.0	0.0	0.0	0.0	0.0	0.0	0.0	0.229	0.0	0.0	0.973	0.0
g__Acutalibacter	0.0	0.0	0.0	0.0	0.0	0.0	0.0	0.522	0.0	0.0	0.953	0.0	0.0	0.953	0.0
g__Eubacterium_R	0.0	0.0	0.0	0.0	0.0	0.0	0.0	0.0	0.0	0.0	0.0	0.0	0.0	0.983	0.0
g__CAG-488	0.0	0.0	0.0	0.0	0.0	0.0	0.0	0.0	0.0	0.0	0.0	0.0	0.0	0.894	0.0
g__Ruminococcus_E	0.302	0.0	0.0	0.0	0.0	0.0	0.0	0.0	0.0	0.0	0.0	0.0	0.0	0.953	0.0
g__CAG-177	0.0	0.0	0.0	0.0	0.0	0.0	0.0	0.408	0.0	0.0	0.0	0.0	0.0	1.0	0.0
g__CAG-964	0.0	0.0	0.0	0.0	0.0	0.0	0.0	0.0	0.0	0.0	0.0	0.0	0.0	1.0	0.0
g__Clostridium_E	1.0	0.5	0.0	0.0	0.0	0.0	0.0	0.866	0.0	0.0	0.707	0.0	0.0	0.866	0.0
g__An200	0.0	0.0	0.0	0.0	0.0	0.0	0.0	1.0	0.0	0.0	0.5	0.0	0.0	0.866	0.0
g__CAG-170	0.0	0.0	0.0	0.0	0.0	0.0	0.0	0.48	0.0	0.0	0.92	0.0	0.0	0.92	0.0
g__CAG-83	0.0	0.0	0.0	0.0	0.0	0.0	0.0	0.327	0.0	0.732	0.964	0.0	0.0	0.982	0.0
g__Lawsonibacter	0.0	0.0	0.0	0.0	0.0	0.0	0.0	0.354	0.0	0.0	0.866	0.0	0.0	0.935	0.0
g__Intestinimonas	0.0	0.0	0.0	0.0	0.0	0.0	0.0	0.913	0.0	0.0	0.577	0.0	0.0	0.816	0.0
g__CAG-110	0.0	0.0	0.0	0.0	0.0	0.0	0.0	0.545	0.0	0.0	0.93	0.0	0.0	0.915	0.0
g__UBA738	0.0	0.0	0.0	0.0	0.0	0.0	0.0	0.632	0.0	0.0	0.447	0.0	0.0	0.632	0.0
g__Oscillibacter	0.0	0.0	0.0	0.0	0.0	0.0	0.0	0.894	0.0	0.748	0.8	0.0	0.0	0.938	0.0
g__Ruminiclostridium_C	0.447	0.0	0.0	0.0	0.0	0.0	0.0	0.632	0.0	0.0	0.447	0.0	0.0	0.894	0.0
g__UBA5446	0.0	0.0	0.0	0.0	0.0	0.0	0.0	0.953	0.0	0.302	0.739	0.0	0.0	0.953	0.0
g__CAG-103	0.0	0.0	0.0	0.0	0.0	0.0	0.0	0.0	0.0	0.0	0.816	0.0	0.0	1.0	0.0
g__NK3B98	0.0	0.0	0.0	0.0	0.0	0.0	0.0	1.0	0.0	0.0	0.0	0.0	0.0	1.0	0.0
g__UBA9475	0.0	0.0	0.0	0.0	0.0	0.0	0.0	0.0	0.0	0.0	0.577	0.0	0.0	1.0	0.0
g__ER4	0.0	0.0	0.0	0.0	0.0	0.0	0.0	0.522	0.0	0.0	0.798	0.0	0.0	1.0	0.0
g__UBA1777	0.0	0.0	0.0	0.0	0.0	0.0	0.0	0.236	0.0	0.333	0.707	0.0	0.0	0.85	0.0
g__F23-B02	0.0	0.0	0.0	0.0	0.0	0.0	0.0	0.0	0.0	0.707	0.957	0.0	0.0	0.957	0.0
g__Flavonifractor	0.0	0.0	0.0	0.0	0.0	0.0	0.0	0.756	0.0	0.0	0.926	0.0	0.0	1.0	0.0
f__UBA644_A	0.0	0.0	0.0	0.0	0.0	0.0	0.0	0.0	0.0	0.0	0.0	0.0	0.0	0.866	0.0
f__QAMX01	0.0	0.0	0.0	0.0	0.0	0.0	0.0	0.0	0.0	0.0	0.577	0.0	0.0	1.0	0.0
g__CAG-390	0.0	0.0	0.0	0.0	0.0	0.0	0.0	0.707	0.0	0.0	0.0	0.0	0.0	1.0	0.0
g__UBA1740	0.0	0.0	0.0	0.0	0.0	0.0	0.0	0.707	0.0	0.0	0.0	0.0	0.0	1.0	0.0
g__CAG-841	0.0	0.0	0.0	0.0	0.0	0.0	0.0	0.816	0.0	0.0	0.0	0.0	0.0	0.816	0.0
g__QALR01	0.0	0.0	0.0	0.0	0.0	0.0	0.0	1.0	0.0	0.0	0.0	0.0	0.0	1.0	0.0
g__Firm-07	0.0	0.0	0.0	0.0	0.0	0.0	0.0	0.866	0.0	0.0	0.354	0.0	0.0	0.935	0.0
g__CAG-724	0.0	0.0	0.0	0.0	0.0	0.0	0.0	0.0	0.0	0.0	0.0	0.0	0.0	1.0	0.0
g__UCG-010	1.0	0.0	0.0	0.0	0.0	0.0	0.0	0.0	0.0	0.0	0.0	0.0	0.0	1.0	0.0
g__UBA3818	0.0	0.0	0.0	0.0	0.0	0.0	0.0	1.0	0.0	0.0	1.0	0.0	0.0	0.0	0.0
g__Angelakisella	0.0	0.0	0.0	0.0	0.0	0.0	0.0	0.0	0.0	0.0	0.0	0.0	0.0	1.0	0.0
g__QAMM01	0.0	0.0	0.0	0.0	0.0	0.0	0.0	0.577	0.0	0.0	0.0	0.0	0.0	1.0	0.0
g__Ruminiclostridium_E	0.0	0.0	0.0	0.0	0.0	0.0	0.0	0.5	0.0	0.0	0.0	0.0	0.0	0.791	0.0
g__Ruminococcus	0.0	0.0	0.0	0.0	0.0	0.0	0.0	0.316	0.0	0.0	0.0	0.0	0.0	0.837	0.0
g__UBA1394	0.0	0.0	0.0	0.0	0.0	0.0	0.0	0.0	0.0	0.0	0.0	0.0	0.0	1.0	0.0
g__UBA1409	0.0	0.0	0.0	0.0	0.0	0.0	0.0	0.0	0.0	0.0	0.707	0.0	0.0	1.0	0.0
g__Ruminococcus_D	0.0	0.0	0.0	0.0	0.0	0.0	0.0	0.0	0.0	0.0	0.0	0.0	0.0	1.0	0.0
g__Ruthenibacterium	0.0	0.0	0.0	0.0	0.0	0.0	0.0	0.707	0.0	0.0	1.0	0.0	0.0	1.0	0.0
g__Faecalibacterium	0.0	0.0	0.0	0.0	0.0	0.0	0.0	0.192	0.0	0.0	0.793	0.0	0.0	0.882	0.0
g__CAG-115	0.0	0.0	0.0	0.0	0.0	0.0	0.0	0.612	0.0	0.0	0.0	0.0	0.0	1.0	0.0
g__Negativibacillus	0.0	0.0	0.0	0.0	0.0	0.0	0.0	0.816	0.0	0.0	0.913	0.0	0.0	0.0	0.0
g__Ruminococcus_C	0.0	0.0	0.0	0.0	0.0	0.0	0.0	0.0	0.0	0.0	0.0	0.0	0.0	1.0	0.0
g__Gemmiger	0.25	0.0	0.0	0.0	0.0	0.0	0.0	0.354	0.0	0.0	0.612	0.0	0.0	0.968	0.0
g__Fournierella	0.0	0.0	0.0	0.0	0.0	0.0	0.0	1.0	0.0	0.0	1.0	0.0	0.0	0.707	0.0
g__Anaerotruncus	0.0	0.0	0.0	0.0	0.0	0.0	0.0	0.5	0.0	0.0	0.707	0.0	0.0	0.866	0.0
g__Clostridium_J	0.0	0.0	0.0	0.0	0.0	0.0	0.0	1.0	0.0	0.913	1.0	0.0	0.0	1.0	0.0
g__Clostridium_P	0.707	0.707	0.0	0.0	0.0	0.0	0.0	0.5	0.0	0.0	0.707	0.0	0.0	1.0	0.0
g__Clostridium	0.488	0.0	0.0	0.0	0.0	0.0	0.0	0.535	0.0	0.0	0.756	0.0	0.0	1.0	0.0
g__Clostridium_F	0.707	0.707	0.0	0.0	0.0	0.0	0.0	1.0	0.0	0.866	1.0	0.0	0.0	1.0	0.0
g__Fenollaria	0.0	0.0	0.0	0.0	0.0	0.0	0.0	1.0	0.0	0.0	1.0	0.0	0.0	0.0	0.0
g__Ezakiella	0.0	0.0	0.0	0.0	0.0	0.0	0.0	0.894	0.0	0.0	0.632	0.0	0.0	0.0	0.0
g__Murdochiella	0.0	0.0	0.0	0.0	0.0	0.0	0.0	0.0	0.0	0.0	1.0	0.0	0.0	0.0	0.0
g__Anaerococcus	0.0	0.0	0.0	0.0	0.0	0.0	0.0	0.213	0.0	0.522	0.674	0.0	0.0	0.853	0.0
g__Parvimonas	0.0	0.0	0.0	0.0	0.0	0.0	0.0	1.0	0.0	0.0	0.0	0.0	0.0	0.0	0.0
g__Finegoldia	0.0	0.0	0.0	0.0	0.0	0.0	0.0	0.632	0.0	0.0	1.0	0.0	0.0	0.775	0.0
g__Kallipyga	0.0	0.0	0.0	0.0	0.0	0.0	0.0	0.0	0.0	1.0	1.0	0.0	0.0	0.0	0.0
g__Peptoniphilus_A	0.0	0.0	0.0	0.0	0.0	0.0	0.0	0.674	0.0	0.603	0.905	0.0	0.0	1.0	0.0
g__Peptoniphilus_B	0.0	0.0	0.0	0.0	0.0	0.0	0.0	0.816	0.0	1.0	1.0	0.0	0.0	0.0	0.0
f__Cellulosilyticaceae	0.577	0.0	0.0	0.0	0.0	0.0	0.0	0.816	0.0	0.0	0.816	0.0	0.0	1.0	0.0
f__CAG-274	0.0	0.0	0.0	0.0	0.0	0.0	0.0	0.426	0.0	0.0	0.0	0.0	0.0	0.905	0.0
g__Anaerotignum	0.0	0.0	0.0	0.0	0.0	0.0	0.0	0.0	0.0	0.0	1.0	0.0	0.0	0.926	0.0
g__GCA-900066575	0.447	0.0	0.0	0.0	0.0	0.0	0.0	0.775	0.0	0.0	0.775	0.0	0.0	0.894	0.0
g__UBA7096	0.333	0.0	0.0	0.0	0.0	0.0	0.0	0.943	0.0	0.0	0.577	0.0	0.0	0.943	0.0
g__Eubacterium_E	0.0	0.0	0.0	0.0	0.0	0.0	0.0	0.0	0.0	0.0	0.0	0.0	0.0	1.0	0.0
g__Faecalicatena	0.371	0.0	0.0	0.0	0.0	0.0	0.0	0.491	0.0	0.0	0.809	0.0	0.0	0.965	0.0
g__UBA7160	0.577	0.0	0.0	0.0	0.0	0.0	0.0	0.577	0.0	0.0	1.0	0.0	0.0	1.0	0.0
g__TF01-11	0.333	0.0	0.0	0.0	0.0	0.0	0.0	0.882	0.0	0.0	0.0	0.0	0.0	1.0	0.0
g__Oribacterium	0.535	0.0	0.0	0.0	0.0	0.0	0.0	0.535	0.0	0.0	0.926	0.0	0.0	0.378	0.0
g__Eubacterium_F	0.632	0.0	0.0	0.0	0.0	0.0	0.0	0.632	0.0	0.0	0.0	0.0	0.0	0.894	0.0
g__Coprococcus_B	0.0	0.0	0.0	0.0	0.0	0.0	0.0	0.577	0.0	0.0	1.0	0.0	0.0	0.816	0.0
g__Eubacterium_G	0.0	0.0	0.0	0.0	0.0	0.0	0.0	0.378	0.0	0.0	0.0	0.0	0.0	1.0	0.0
g__Clostridium_M	0.283	0.0	0.0	0.0	0.0	0.0	0.0	0.98	0.0	0.0	1.0	0.0	0.0	0.959	0.0
g__CAG-127	0.408	0.0	0.0	0.0	0.0	0.0	0.0	0.913	0.0	0.0	0.0	0.0	0.0	1.0	0.0
g__Eubacterium_I	0.0	0.0	0.0	0.0	0.0	0.0	0.0	1.0	0.0	0.0	0.0	0.0	0.0	1.0	0.0
g__Coprococcus	0.667	0.0	0.0	0.0	0.0	0.0	0.0	1.0	0.0	0.0	0.0	0.0	0.0	1.0	0.0
g__Ruminococcus_A	0.0	0.0	0.0	0.0	0.0	0.0	0.0	0.816	0.0	0.0	1.0	0.0	0.0	1.0	0.0
g__Robinsoniella	0.0	0.0	0.0	0.0	0.0	0.0	0.0	0.894	0.0	0.0	0.894	0.0	0.0	1.0	0.0
g__Hungatella	0.775	0.0	0.0	0.0	0.0	0.0	0.0	1.0	0.0	0.0	1.0	0.0	0.0	1.0	0.0
g__Roseburia	0.913	0.0	0.0	0.0	0.0	0.0	0.0	0.866	0.0	0.0	0.408	0.0	0.0	0.913	0.0
g__Anaerostipes	0.577	0.0	0.0	0.0	0.0	0.0	0.0	0.745	0.0	0.0	0.0	0.0	0.0	1.0	0.0
g__Dorea	0.426	0.0	0.0	0.0	0.0	0.0	0.0	0.739	0.0	0.0	1.0	0.0	0.0	0.977	0.0
g__CAG-510	0.0	0.0	0.0	0.0	0.0	0.0	0.0	0.816	0.0	0.0	0.0	0.0	0.0	1.0	0.0
g__Hungatella_A	0.577	0.0	0.0	0.0	0.0	0.0	0.0	1.0	0.0	0.0	1.0	0.0	0.0	0.816	0.0
g__Clostridium_Q	0.408	0.0	0.0	0.0	0.0	0.0	0.0	1.0	0.0	0.0	0.913	0.0	0.0	1.0	0.0
g__CAG-632	0.5	0.0	0.0	0.0	0.0	0.0	0.0	0.866	0.0	0.0	0.0	0.0	0.0	1.0	0.0
g__Butyrivibrio_A	0.707	0.0	0.0	0.0	0.0	0.0	0.0	0.866	0.0	0.0	0.0	0.0	0.0	1.0	0.0
g__Blautia	0.0	0.0	0.0	0.0	0.0	0.0	0.0	0.806	0.0	0.0	0.975	0.0	0.0	0.949	0.0
g__UBA9502	0.0	0.0	0.0	0.0	0.0	0.0	0.0	0.866	0.0	0.0	1.0	0.0	0.0	1.0	0.0
g__CAG-590	0.408	0.0	0.0	0.0	0.0	0.0	0.0	0.577	0.0	0.0	0.0	0.0	0.0	1.0	0.0
g__CAG-56	0.0	0.0	0.0	0.0	0.0	0.0	0.0	0.408	0.0	0.0	0.408	0.0	0.0	1.0	0.0
g__Eisenbergiella	0.302	0.0	0.0	0.0	0.0	0.0	0.0	0.905	0.0	0.0	1.0	0.0	0.0	0.953	0.0
g__CAG-81	0.408	0.0	0.0	0.0	0.0	0.0	0.0	1.0	0.0	0.0	0.913	0.0	0.0	0.816	0.0
g__Lachnoanaerobaculum	1.0	0.0	0.0	0.0	0.0	0.0	0.0	1.0	0.0	0.0	0.816	0.0	0.0	0.816	0.0
g__Stomatobaculum	0.0	0.0	0.0	0.0	0.0	0.0	0.0	0.5	0.0	0.0	1.0	0.0	0.0	0.866	0.0
g__UBA2882	0.577	0.0	0.0	0.0	0.0	0.0	0.0	1.0	0.0	0.0	0.0	0.0	0.0	1.0	0.0
g__Lachnoclostridium	0.816	0.0	0.0	0.0	0.0	0.0	0.0	1.0	0.0	0.0	1.0	0.0	0.0	1.0	0.0
g__CAG-882	0.866	0.0	0.0	0.0	0.0	0.0	0.0	1.0	0.0	0.0	1.0	0.0	0.0	1.0	0.0
g__Marvinbryantia	0.0	0.0	0.0	0.0	0.0	0.0	0.0	0.632	0.0	0.0	0.447	0.0	0.0	1.0	0.0
g__Fusicatenibacter	0.707	0.0	0.0	0.0	0.0	0.0	0.0	0.707	0.0	0.0	0.866	0.0	0.0	1.0	0.0
g__CAG-95	0.756	0.0	0.0	0.0	0.0	0.0	0.0	0.756	0.0	0.0	0.0	0.0	0.0	1.0	0.0
g__Agathobacter	0.0	0.0	0.0	0.0	0.0	0.0	0.0	0.949	0.0	0.0	0.0	0.0	0.0	1.0	0.0
g__Lachnospira	0.0	0.0	0.0	0.0	0.0	0.0	0.0	0.866	0.0	0.0	0.289	0.0	0.0	1.0	0.0
g__Tyzzerella	0.0	0.0	0.0	0.0	0.0	0.0	0.0	0.866	0.0	0.0	0.935	0.0	0.0	1.0	0.0
g__Blautia_A	0.333	0.0	0.0	0.0	0.0	0.0	0.0	0.5	0.0	0.0	0.943	0.0	0.0	0.972	0.0
g__Lachnoclostridium_A	0.0	0.0	0.0	0.0	0.0	0.0	0.0	1.0	0.0	0.0	1.0	0.0	0.0	0.707	0.0
g__Acetatifactor	0.853	0.0	0.0	0.0	0.0	0.0	0.0	0.905	0.0	0.0	0.302	0.0	0.0	1.0	0.0
g__UBA1390	0.0	0.0	0.0	0.0	0.0	0.0	0.0	1.0	0.0	0.0	0.707	0.0	0.0	0.866	0.0
g__CAG-314	0.0	0.0	0.0	0.0	0.0	0.0	0.0	0.0	0.0	0.577	1.0	0.0	0.0	0.816	0.0
g__CAG-1435	0.0	0.0	0.0	0.0	0.0	0.0	0.0	0.577	0.0	0.0	0.0	0.0	0.0	0.0	0.0
g__UBA10677	0.0	0.0	0.0	0.0	0.0	0.0	0.0	0.0	0.0	0.0	0.535	0.0	0.0	1.0	0.0
g__CAG-475	0.0	0.0	0.0	0.0	0.0	0.0	0.0	0.0	0.0	0.0	0.0	0.0	0.0	0.447	0.0
g__CAG-917	0.0	0.0	0.0	0.0	0.0	0.0	0.0	0.0	0.0	0.0	0.0	0.0	0.0	0.5	0.0
f__UBA1242	0.0	0.0	0.0	0.0	0.0	0.0	0.0	0.0	0.0	0.0	0.0	0.0	0.0	0.0	0.0
g__QALS01	0.0	0.0	0.0	0.0	0.0	0.0	0.0	0.0	0.0	0.0	0.447	0.0	0.0	0.894	0.0
g__UBA1259	0.0	0.0	0.0	0.0	0.0	0.0	0.0	0.0	0.0	0.0	0.0	0.0	0.0	0.866	0.0
g__UBA11940	0.0	0.0	0.0	0.0	0.0	0.0	0.0	0.0	0.0	0.0	0.0	0.0	0.0	1.0	0.0
g__UBA7597	0.0	0.0	0.0	0.0	0.0	0.0	0.0	0.0	0.0	0.0	0.0	0.0	0.0	1.0	0.0
g__UBA10281	0.0	0.0	0.0	0.0	0.0	0.0	0.0	0.0	0.0	0.0	0.0	0.0	0.0	1.0	0.0
f__Eubacteriaceae	1.0	0.0	0.0	0.0	0.0	0.0	0.0	1.0	0.0	0.0	0.0	0.0	0.0	1.0	0.0
g__GCA-900066495	0.0	0.0	0.0	0.0	0.0	0.0	0.0	0.816	0.0	0.816	1.0	0.0	0.0	1.0	0.0
g__Peptostreptococcus	0.0	0.0	0.0	0.0	0.0	0.0	0.0	0.707	0.0	0.408	0.707	0.0	0.0	1.0	0.0
g__Terrisporobacter	0.0	0.0	0.0	0.0	0.0	0.0	0.0	0.707	0.0	0.866	0.866	0.0	0.0	1.0	0.0
g__Clostridium_U	0.0	0.0	0.0	0.0	0.0	0.0	0.0	1.0	0.0	0.0	0.816	0.0	0.0	1.0	0.0
g__UBA1191	0.333	0.0	0.0	0.0	0.0	0.0	0.0	0.333	0.0	0.0	0.577	0.0	0.0	0.943	0.0
g__CAG-145	0.0	0.0	0.0	0.0	0.0	0.0	0.0	0.5	0.0	0.0	0.707	0.0	0.0	0.957	0.0
g__Emergencia	0.0	0.0	0.0	0.0	0.0	0.0	0.0	0.775	0.0	0.0	0.0	0.0	0.0	1.0	0.0
g__Mogibacterium	0.0	0.0	0.0	0.0	0.0	0.0	0.0	0.756	0.0	0.0	0.655	0.0	0.0	0.926	0.0
g__S5-A14a	0.0	0.0	0.0	0.0	0.0	0.0	0.0	0.0	0.0	0.0	0.0	0.0	0.0	1.0	0.0
o__Saccharofermentanales	0.577	0.0	0.0	0.0	0.0	0.0	0.0	1.0	0.0	0.0	0.816	0.0	0.0	0.0	0.0
f__QAND01	0.0	0.0	0.0	0.0	0.0	0.0	0.0	0.0	0.0	0.0	0.0	0.0	0.0	0.707	0.0
g__UBA11524	0.0	0.0	0.0	0.0	0.0	0.0	0.0	1.0	0.0	0.0	0.577	0.0	0.0	0.816	0.0
g__UBA5394	0.0	0.0	0.0	0.0	0.0	0.0	0.0	1.0	0.0	0.0	0.816	0.0	0.0	0.816	0.0
g__CAG-1024	0.0	0.0	0.0	0.0	0.0	0.0	0.0	0.775	0.0	0.0	0.894	0.0	0.0	1.0	0.0
g__Phil1	0.0	0.0	0.0	0.0	0.0	0.0	0.0	0.866	0.0	0.0	0.707	0.0	0.0	0.866	0.0
g__UBA1685	0.0	0.0	0.0	0.0	0.0	0.0	0.0	1.0	0.0	0.0	1.0	0.0	0.0	0.707	0.0
g__QALW01	0.0	0.0	0.0	0.0	0.0	0.0	0.0	0.0	0.0	0.0	0.0	0.0	0.0	1.0	0.0
g__QANA01	0.0	0.0	0.0	0.0	0.0	0.0	0.0	0.816	0.0	0.0	0.0	0.0	0.0	0.816	0.0
g__UBA4716	0.0	0.0	0.0	0.0	0.0	0.0	0.0	0.577	0.0	0.0	0.0	0.0	0.0	0.577	0.0
f__UBA9506	0.0	0.0	0.0	0.0	0.0	0.0	0.0	0.0	0.0	0.0	0.0	0.0	0.0	1.0	0.0
f__Monoglobaceae	0.0	0.0	0.0	0.0	0.0	0.0	0.0	0.0	0.0	0.0	0.0	0.0	0.0	0.953	0.0
f__UBA1234	0.0	0.0	0.0	0.0	0.0	0.0	0.0	0.0	0.0	0.0	0.0	0.0	0.0	0.0	0.0
g__CAG-452	0.0	0.0	0.0	0.0	0.0	0.0	0.0	0.577	0.0	0.0	0.0	0.0	0.0	0.0	0.0
g__CAG-245	0.0	0.0	0.0	0.0	0.0	0.0	0.0	0.0	0.0	0.0	0.0	0.0	0.0	0.0	0.0
g__CAG-269	0.16	0.0	0.0	0.0	0.0	0.0	0.0	0.0	0.0	0.0	0.0	0.0	0.0	0.0	0.0
g__UBA7001	0.0	0.0	0.0	0.0	0.0	0.0	0.0	0.0	0.0	0.0	0.0	0.0	0.0	0.0	0.0
g__CAG-273	0.426	0.0	0.0	0.0	0.0	0.0	0.0	0.0	0.0	0.0	0.0	0.0	0.0	0.0	0.0
g__CAG-492	0.0	0.0	0.0	0.0	0.0	0.0	0.0	0.0	0.0	0.0	0.0	0.0	0.0	0.0	0.0
g__CAG-354	0.0	0.0	0.0	0.0	0.0	0.0	0.0	0.0	0.0	0.0	0.0	0.0	0.0	0.0	0.0
f__CAG-465	0.0	0.0	0.0	0.0	0.0	0.0	0.0	0.0	0.0	0.0	0.0	0.0	0.0	0.0	0.0
g__Mitsuokella	1.0	0.0	0.0	0.0	0.0	0.0	0.0	1.0	0.0	0.0	0.0	0.0	0.0	1.0	0.0
g__Megamonas	0.0	0.0	0.0	0.0	0.0	0.0	0.0	0.707	0.0	0.0	1.0	0.0	0.0	0.866	0.0
f__Negativicoccaceae	0.0	0.0	0.0	0.0	0.0	0.0	0.0	0.0	0.0	0.0	0.0	0.0	0.0	1.0	0.0
g__UBA1822	0.447	0.0	0.0	0.0	0.0	0.0	0.0	0.894	0.0	0.0	1.0	0.0	0.0	0.0	0.0
g__Dialister	0.767	0.0	0.0	0.0	0.0	0.0	0.0	0.907	0.0	0.0	0.0	0.0	0.0	0.0	0.0
g__Veillonella_A	0.0	0.0	0.447	0.0	0.0	0.0	0.0	0.894	0.0	0.447	0.894	0.0	0.0	0.0	0.0
g__Veillonella	0.965	0.0	0.0	0.0	0.0	0.0	0.0	0.965	0.0	0.0	0.871	0.0	0.0	0.983	0.0
g__F0422	0.0	0.0	0.0	0.0	0.0	0.0	0.0	0.0	0.0	0.0	1.0	0.0	0.0	0.775	0.0
g__Anaeroglobus	0.0	0.0	1.0	0.0	0.0	0.0	0.0	0.0	0.0	1.0	1.0	0.0	0.0	0.866	0.0
g__Caecibacter	0.0	0.0	0.707	0.0	0.0	0.0	0.0	0.0	0.0	1.0	1.0	0.0	0.0	1.0	0.0
g__Megasphaera	0.0	0.0	0.961	0.0	0.0	0.0	0.0	0.0	0.0	0.62	0.961	0.0	0.0	0.961	0.0
g__Phascolarctobacterium_A	0.707	0.0	0.0	0.0	0.0	0.0	0.0	0.764	0.0	0.0	0.707	0.0	0.0	0.913	0.0
g__Acidaminococcus	0.837	0.0	0.0	0.0	0.0	0.0	0.0	0.894	0.0	0.0	0.949	0.0	0.0	0.632	0.0
g__Phascolarctobacterium	0.0	0.0	0.0	0.0	0.0	0.0	0.0	0.0	0.0	0.0	0.866	0.0	0.0	0.612	0.0
g__Succiniclasticum	0.5	0.0	0.0	0.0	0.0	0.0	0.0	0.866	0.0	0.0	0.0	0.0	0.0	1.0	0.0
c__Dehalobacteriia	0.0	0.0	0.0	0.0	0.0	0.0	0.0	0.0	0.0	0.0	0.0	0.0	0.0	0.577	0.0
g__UBA7185	0.0	0.0	0.0	0.0	0.0	0.0	0.0	0.5	0.0	0.0	0.0	0.0	0.0	0.866	0.0
p__Eremiobacterota	0.0	0.0	0.0	0.0	0.0	0.0	0.0	0.0	0.0	0.0	0.0	0.0	0.0	0.707	0.0
f__Sphaerochaetaceae	0.0	0.0	0.0	0.0	0.0	0.0	0.0	0.0	0.0	0.0	0.894	0.0	0.0	0.775	0.0
g__Treponema_D	0.707	0.0	0.0	0.0	0.0	0.0	0.0	0.707	0.0	0.0	0.0	0.0	0.0	0.957	0.0
f__Elusimicrobiaceae	0.0	0.0	0.0	0.0	0.0	0.0	0.0	0.707	0.0	0.0	0.913	0.0	0.0	1.0	0.0
g__Mailhella	0.0	0.0	0.0	0.0	0.0	0.866	0.0	0.0	0.0	0.0	0.791	0.0	0.0	0.0	0.0
g__Bilophila	0.0	0.0	0.0	0.0	0.0	0.0	0.0	0.408	0.0	0.0	0.577	0.0	0.0	0.816	0.0
g__Desulfovibrio	0.0	0.0	0.0	0.0	0.0	0.0	0.0	0.0	0.0	0.0	0.832	0.0	0.0	1.0	0.0
g__Sneathia	0.0	0.0	0.0	0.0	0.0	0.0	0.0	0.816	0.0	0.577	0.0	0.0	0.0	0.0	0.0
g__Fusobacterium	0.745	0.0	0.0	0.0	0.0	0.0	0.0	0.882	0.0	1.0	1.0	0.0	0.0	0.943	0.0
g__Fusobacterium_B	0.0	0.0	0.0	0.0	0.0	0.0	0.0	1.0	0.0	0.913	1.0	0.0	0.0	0.0	0.0
g__Fusobacterium_A	0.0	0.0	0.0	0.0	0.0	0.0	0.0	0.953	0.0	0.739	0.953	0.0	0.0	0.302	0.0
c__Kiritimatiellae	0.0	0.0	0.0	0.0	0.0	0.0	0.0	0.0	0.0	0.0	0.0	0.0	0.0	0.791	0.0
g__UBA1829	0.632	0.0	0.0	0.0	0.0	0.0	0.0	0.0	0.0	0.0	0.0	0.0	0.0	0.894	0.0
g__UBA11452	0.0	0.0	0.0	0.0	0.0	0.0	0.0	0.0	0.0	0.0	0.0	0.0	0.0	0.816	0.0
f__Victivallaceae	0.0	0.0	0.0	0.0	0.0	0.0	0.0	0.0	0.0	0.0	0.0	0.0	0.0	0.913	0.0
o__UBA1407	0.0	0.0	0.0	0.0	0.0	0.0	0.0	0.0	0.0	0.0	0.0	0.0	0.0	1.0	0.0
o__Verrucomicrobiales	0.0	0.0	0.0	0.0	0.0	0.0	0.0	1.0	0.0	0.0	0.0	0.0	0.0	1.0	0.0
g__CAG-312	0.0	0.0	0.0	0.0	0.0	0.0	0.0	0.277	0.0	0.0	0.0	0.0	0.0	0.961	0.0
p__Patescibacteria	0.0	0.0	0.0	0.0	0.0	0.0	0.0	0.0	0.0	0.0	0.0	0.0	0.0	0.0	0.0
g__Paenibacillus_A	1.0	0.0	0.0	0.0	0.0	0.0	0.0	1.0	0.0	0.0	0.0	0.0	0.0	1.0	0.0
g__Paenibacillus	1.0	0.577	0.0	0.0	0.0	0.0	0.0	0.816	0.0	0.0	0.577	0.0	0.0	1.0	0.0
f__Aerococcaceae	0.0	0.0	0.0	0.0	0.0	0.0	0.0	0.0	0.0	0.0	0.0	0.0	0.0	1.0	0.0
g__Listeria	1.0	0.5	0.0	0.0	0.0	0.0	0.0	1.0	0.0	0.0	0.0	0.0	0.0	1.0	0.0
g__Lactobacillus_H	0.816	0.577	0.333	0.0	0.0	0.0	0.0	0.577	0.0	0.0	0.471	0.0	0.0	0.816	0.0
g__Lactobacillus	0.459	0.324	0.0	0.0	0.0	0.0	0.0	0.513	0.0	0.0	0.0	0.0	0.0	0.607	0.0
g__Lactobacillus_B	0.707	0.577	0.0	0.0	0.0	0.0	0.0	1.0	0.0	0.0	0.0	0.0	0.0	0.913	0.0
g__Lactobacillus_C	0.894	0.0	0.0	0.0	0.0	0.0	0.0	1.0	0.0	0.0	0.0	0.0	0.0	0.894	0.0
g__Lactobacillus_G	0.791	0.5	0.0	0.0	0.0	0.0	0.0	0.707	0.0	0.0	0.0	0.0	0.0	0.0	0.0
g__Weissella	1.0	0.0	0.0	0.0	0.0	0.0	0.0	0.0	0.0	0.0	0.0	0.0	0.0	0.0	0.0
g__Leuconostoc	1.0	0.447	0.0	0.0	0.0	0.0	0.0	0.0	0.0	0.0	0.0	0.0	0.0	0.0	0.0
g__Enterococcus_D	1.0	1.0	0.0	0.0	0.0	0.0	0.0	1.0	0.0	0.0	0.0	0.0	0.0	1.0	0.0
g__Enterococcus_B	1.0	1.0	0.0	0.0	0.0	0.0	0.0	1.0	0.0	0.0	0.0	0.0	0.0	0.894	0.0
g__Enterococcus_C	0.577	0.577	0.0	0.0	0.0	0.0	0.0	1.0	0.0	0.0	0.0	0.0	0.0	0.816	0.0
g__Enterococcus_A	1.0	0.816	0.0	0.0	0.0	0.0	0.0	0.913	0.0	0.0	0.0	0.0	0.0	1.0	0.0
g__Lactococcus	0.866	0.0	0.0	0.0	0.0	0.0	0.0	0.866	0.0	0.0	0.612	0.0	0.0	1.0	0.0
g__Streptococcus	0.363	0.0	0.0	0.0	0.0	0.0	0.0	0.952	0.0	0.0	0.0	0.0	0.0	0.942	0.0
g__UBA7642	0.0	0.0	0.0	0.0	0.0	0.0	0.0	0.775	0.0	0.0	0.0	0.0	0.0	0.775	0.0
g__CAG-449	0.0	0.0	0.0	0.0	0.0	0.0	0.0	1.0	0.0	0.0	0.0	0.0	0.0	0.5	0.0
f__CAG-631	0.0	0.0	0.0	0.0	0.0	0.0	0.0	0.0	0.0	0.0	0.0	0.0	0.0	0.894	0.0
g__UBA4855	0.0	0.0	0.0	0.0	0.0	0.0	0.0	0.0	0.0	0.0	0.0	0.0	0.0	1.0	0.0
g__UBA733	0.0	0.0	0.0	0.0	0.0	0.0	0.0	0.632	0.0	0.0	0.0	0.0	0.0	0.0	0.0
o__Mycoplasmatales	0.0	0.0	0.0	0.0	0.0	0.0	0.0	0.0	0.0	0.0	0.0	0.0	0.0	0.0	0.0
f__CAG-307	0.0	0.0	0.0	0.0	0.0	0.0	0.0	0.816	0.0	0.0	0.913	0.0	0.0	0.707	0.0
o__ML615J-28	0.0	0.0	0.0	0.0	0.0	0.0	0.0	0.48	0.0	0.0	0.0	0.0	0.0	0.48	0.0
o__RF39	0.147	0.0	0.0	0.0	0.0	0.0	0.0	0.147	0.0	0.0	0.0	0.0	0.0	0.0	0.0
g__Kurthia	1.0	0.0	0.0	0.0	0.0	0.0	0.0	1.0	0.0	0.0	0.0	0.0	0.0	1.0	0.0
f__Exiguobacteraceae	1.0	1.0	0.0	0.0	0.0	0.0	0.0	0.816	0.0	0.0	0.0	0.0	0.0	1.0	0.0
g__Staphylococcus	1.0	0.961	0.0	0.0	0.0	0.0	0.0	0.277	0.0	0.0	0.0	0.0	0.0	1.0	0.0
g__Gemella	0.378	0.0	0.0	0.0	0.0	0.0	0.0	0.845	0.0	0.0	0.0	0.0	0.0	0.0	0.0
g__Erysipelatoclostridium	0.612	0.0	0.0	0.0	0.0	0.0	0.0	1.0	0.0	0.0	0.791	0.0	0.0	0.866	0.0
g__Catenibacterium	0.0	0.0	0.0	0.0	0.0	0.0	0.0	1.0	0.0	0.0	1.0	0.0	0.0	1.0	0.0
g__Beduini	0.577	0.0	0.0	0.0	0.0	0.0	0.0	1.0	0.0	0.0	0.816	0.0	0.0	0.816	0.0
g__Holdemanella	0.0	0.0	0.0	0.0	0.0	0.0	0.0	0.0	0.0	0.0	1.0	0.0	0.0	1.0	0.0
g__Holdemania	0.0	0.0	0.0	0.0	0.0	0.0	0.0	1.0	0.0	0.0	1.0	0.0	0.0	0.0	0.0
g__Merdibacter	0.0	0.0	0.0	0.0	0.0	0.0	0.0	0.866	0.0	0.0	1.0	0.0	0.0	0.5	0.0
g__Faecalicoccus	0.0	0.0	0.0	0.0	0.0	0.0	0.0	1.0	0.0	0.0	1.0	0.0	0.0	1.0	0.0
g__Absiella	0.0	0.0	0.0	0.0	0.0	0.0	0.0	0.935	0.0	0.0	1.0	0.0	0.0	0.791	0.0
g__Solobacterium	0.577	0.0	0.0	0.0	0.0	0.0	0.0	0.0	0.0	0.0	0.577	0.0	0.0	0.745	0.0
g__Oceanobacillus	1.0	0.816	0.0	0.0	0.0	0.0	0.0	1.0	0.0	0.816	0.0	0.0	0.0	1.0	0.0
f__Bacillaceae_A	1.0	0.739	0.0	0.0	0.0	0.0	0.0	1.0	0.0	0.853	0.426	0.0	0.0	1.0	0.0
g__Bacillus_A	1.0	1.0	0.0	0.0	0.0	0.0	0.0	1.0	0.0	0.866	0.0	0.0	0.0	1.0	0.0
f__Bacillaceae	1.0	1.0	0.0	0.0	0.0	0.0	0.0	1.0	0.0	0.0	0.0	0.0	0.0	1.0	0.0
p__Cyanobacteria	0.0	0.0	0.0	0.0	0.0	0.0	0.0	0.0	0.0	0.0	0.0	0.0	0.0	0.951	0.0
