DATASET_PIECHART
SEPARATOR TAB
DATASET_LABEL	state
COLOR	#ff0000
FIELD_COLORS	#1f78b480	#33a02c80	#e31a1c80	#ff7f0080
FIELD_LABELS	both	absent	methionine	cysteine
DATA
g__UBA71	1	2.449489742783178	0	6	0	0
p__Euryarchaeota	1	3.3166247903554	0	11	0	0
c__Actinobacteria	1	11.135528725660043	0	124	0	0
f__QAMH01	1	2.6457513110645907	0	7	0	0
g__Libanicoccus	1	2.8284271247461903	0	8	0	0
g__Olsenella_E	1	2.8284271247461903	0	8	0	0
g__Lancefieldella	1	2.8284271247461903	0	8	0	0
g__Slackia_A	1	2.449489742783178	0	6	0	0
g__CAG-1427	1	5.196152422706632	0	27	0	0
g__Senegalimassilia	1	2.449489742783178	0	4	2	0
o__Rhizobiales	1	2.449489742783178	0	6	0	0
o__Rs-D84	1	2.449489742783178	0	6	0	0
o__RF32	1	6.708203932499369	0	45	0	0
g__Pseudomonas_E	1	2.449489742783178	1	3	1	1
f__Moraxellaceae	1	3.4641016151377544	0	12	0	0
g__Stenotrophomonas	1	3.0	0	2	0	7
f__Neisseriaceae	1	2.8284271247461903	0	8	0	0
g__Sutterella	1	5.196152422706632	0	27	0	0
g__CAG-521	1	3.7416573867739413	0	14	0	0
g__Duodenibacillus	1	3.4641016151377544	0	11	0	1
g__Oxalobacter	1	2.6457513110645907	0	7	0	0
f__Vibrionaceae	1	2.6457513110645907	0	7	0	0
f__Pasteurellaceae	1	4.69041575982343	0	22	0	0
g__Succinivibrio	1	3.0	0	5	0	4
g__Providencia	1	2.449489742783178	6	0	0	0
g__Pantoea	1	2.8284271247461903	0	0	0	8
g__Citrobacter	1	2.8284271247461903	8	0	0	0
g__Yersinia	1	3.3166247903554	1	0	0	10
g__Enterobacter	1	3.605551275463989	0	0	0	13
f__Aeromonadaceae	1	2.449489742783178	0	6	0	0
o__Synergistales	1	3.0	0	8	1	0
g__Campylobacter_A	1	3.7416573867739413	0	14	0	0
g__Campylobacter_D	1	2.449489742783178	0	5	0	1
g__Campylobacter	1	2.449489742783178	0	6	0	0
f__Helicobacteraceae	1	3.872983346207417	0	6	0	9
o__Flavobacteriales	1	2.8284271247461903	0	6	0	2
f__Dysgonomonadaceae	1	2.6457513110645907	0	7	0	0
f__Marinifilaceae	1	4.358898943540674	0	19	0	0
f__Paludibacteraceae	1	3.3166247903554	0	11	0	0
f__Tannerellaceae	1	5.196152422706632	0	27	0	0
f__Rikenellaceae	1	7.681145747868608	0	59	0	0
f__Barnesiellaceae	1	2.6457513110645907	0	7	0	0
f__Muribaculaceae	1	11.180339887498949	0	125	0	0
g__Porphyromonas	1	4.898979485566356	0	9	15	0
g__Paraprevotella	1	2.6457513110645907	0	7	0	0
g__Prevotellamassilia	1	4.0	0	16	0	0
g__Bacteroides_A	1	5.477225575051661	0	30	0	0
g__Prevotella	1	10.535653752852738	0	110	1	0
g__Bacteroides	1	7.14142842854285	0	51	0	0
f__UBA932	1	6.48074069840786	0	42	0	0
f__P3	1	2.449489742783178	0	3	3	0
o__UBA1212	1	2.449489742783178	0	6	0	0
g__Agathobaculum	1	3.1622776601683795	0	10	0	0
g__CAG-180	1	3.0	0	9	0	0
g__UBA1691	1	2.449489742783178	0	6	0	0
g__UBA737	1	4.358898943540674	0	17	0	2
g__Acutalibacter	1	3.3166247903554	0	11	0	0
g__Eubacterium_R	1	5.477225575051661	0	30	0	0
g__Ruminococcus_E	1	3.3166247903554	0	10	0	1
g__CAG-177	1	2.449489742783178	0	6	0	0
g__CAG-170	1	3.605551275463989	0	13	0	0
g__CAG-83	1	5.291502622129181	0	13	15	0
g__Lawsonibacter	1	4.0	0	16	0	0
g__Intestinimonas	1	2.449489742783178	0	6	0	0
g__CAG-110	1	6.082762530298219	0	37	0	0
g__Oscillibacter	1	5.0	0	11	14	0
g__UBA5446	1	3.3166247903554	0	10	1	0
g__CAG-103	1	2.449489742783178	0	5	1	0
g__ER4	1	3.3166247903554	0	11	0	0
g__UBA1777	1	4.242640687119285	0	12	6	0
g__F23-B02	1	3.4641016151377544	0	6	6	0
g__Flavonifractor	1	2.6457513110645907	0	7	0	0
f__CAG-272	1	8.246211251235321	0	68	0	0
f__CAG-382	1	3.7416573867739413	0	14	0	0
g__Ruminiclostridium_E	1	2.8284271247461903	0	8	0	0
g__Ruminococcus	1	3.1622776601683795	0	10	0	0
g__Ruminococcus_D	1	2.8284271247461903	0	8	0	0
g__Faecalibacterium	1	5.196152422706632	0	27	0	0
g__CAG-115	1	2.8284271247461903	0	8	0	0
g__Negativibacillus	1	2.449489742783178	0	6	0	0
g__Ruminococcus_C	1	2.8284271247461903	0	8	0	0
g__Gemmiger	1	4.0	0	16	0	0
g__Clostridium_J	1	2.449489742783178	0	1	5	0
g__Clostridium	1	4.58257569495584	0	11	9	1
f__Ezakiellaceae	1	2.8284271247461903	0	8	0	0
g__Anaerococcus	1	4.69041575982343	0	15	7	0
g__Peptoniphilus_A	1	3.3166247903554	0	7	4	0
f__CAG-274	1	3.3166247903554	0	8	3	0
f__Anaerotignaceae	1	2.8284271247461903	0	8	0	0
g__UBA7096	1	3.0	0	9	0	0
g__Faecalicatena	1	5.385164807134504	0	29	0	0
g__TF01-11	1	3.0	0	9	0	0
g__Oribacterium	1	2.6457513110645907	0	7	0	0
g__Eubacterium_G	1	2.6457513110645907	0	7	0	0
g__Clostridium_M	1	5.0	0	15	10	0
g__CAG-127	1	2.449489742783178	0	6	0	0
g__Eubacterium_I	1	2.449489742783178	0	6	0	0
g__Coprococcus	1	3.0	0	9	0	0
g__Roseburia	1	3.4641016151377544	0	12	0	0
g__Anaerostipes	1	3.0	0	9	0	0
g__Dorea	1	4.69041575982343	0	18	4	0
g__Clostridium_Q	1	2.449489742783178	0	5	1	0
g__Blautia	1	4.47213595499958	0	20	0	0
g__UBA9502	1	2.8284271247461903	0	8	0	0
g__CAG-590	1	2.449489742783178	0	6	0	0
g__CAG-56	1	2.449489742783178	0	6	0	0
g__Eisenbergiella	1	3.3166247903554	0	11	0	0
g__CAG-81	1	2.449489742783178	0	6	0	0
g__CAG-95	1	2.6457513110645907	0	7	0	0
g__Agathobacter	1	3.1622776601683795	0	10	0	0
g__Lachnospira	1	3.4641016151377544	0	12	0	0
g__Tyzzerella	1	2.8284271247461903	0	8	0	0
g__Blautia_A	1	6.0	0	36	0	0
g__Acetatifactor	1	3.3166247903554	0	11	0	0
g__CAG-1435	1	2.449489742783178	0	6	0	0
g__UBA10677	1	2.6457513110645907	0	7	0	0
f__CAG-917	1	4.898979485566356	0	24	0	0
f__UBA1242	1	5.385164807134504	0	29	0	0
f__CAG-727	1	7.810249675906654	0	61	0	0
o__Eubacteriales	1	2.449489742783178	0	5	1	0
g__Peptostreptococcus	1	2.449489742783178	0	5	1	0
g__UBA1191	1	3.0	0	9	0	0
g__CAG-145	1	3.4641016151377544	0	12	0	0
g__Mogibacterium	1	2.6457513110645907	0	7	0	0
f__CAG-74	1	6.0	0	36	0	0
f__CAG-138	1	5.0	0	18	7	0
f__QALW01	1	3.0	0	9	0	0
f__Christensenellaceae	1	3.4641016151377544	0	10	2	0
f__UBA1381	1	3.1622776601683795	0	10	0	0
f__Monoglobaceae	1	3.3166247903554	0	11	0	0
o__TANB77	1	10.816653826391969	0	117	0	0
o__Selenomonadales	1	4.123105625617661	0	17	0	0
f__Dialisteraceae	1	5.0	0	25	0	0
g__Veillonella	1	5.385164807134504	0	29	0	0
g__Megasphaera	1	3.605551275463989	0	8	5	0
o__Acidaminococcales	1	6.164414002968976	0	38	0	0
p__Firmicutes_B	1	3.7416573867739413	0	14	0	0
c__Spirochaetia	1	4.123105625617661	0	17	0	0
p__Elusimicrobiota	1	2.449489742783178	0	6	0	0
p__Desulfobacterota_A	1	5.196152422706632	0	27	0	0
g__Fusobacterium	1	3.0	0	0	9	0
g__Fusobacterium_B	1	2.449489742783178	0	1	5	0
g__Fusobacterium_A	1	3.3166247903554	0	4	7	0
p__Verrucomicrobiota	1	8.12403840463596	0	66	0	0
p__Patescibacteria	1	3.3166247903554	0	11	0	0
g__Paenibacillus	1	2.449489742783178	0	4	0	2
g__Lactobacillus_H	1	3.0	0	5	0	4
g__Lactobacillus	1	4.358898943540674	0	17	0	2
g__Lactobacillus_B	1	2.449489742783178	0	3	0	3
g__Lactobacillus_G	1	2.8284271247461903	0	6	0	2
g__Enterococcus_A	1	2.449489742783178	0	0	0	6
g__Lactococcus	1	2.8284271247461903	0	4	0	4
g__Streptococcus	1	7.280109889280518	0	53	0	0
o__RFN20	1	5.830951894845301	0	34	0	0
o__Acholeplasmatales	1	2.449489742783178	0	6	0	0
o__ML615J-28	1	3.605551275463989	0	13	0	0
o__RF39	1	11.789826122551595	0	139	0	0
f__Planococcaceae	1	2.6457513110645907	1	4	0	2
g__Staphylococcus	1	3.605551275463989	0	1	0	12
g__Gemella	1	2.6457513110645907	0	5	2	0
o__Erysipelotrichales	1	8.18535277187245	0	67	0	0
f__Amphibacillaceae	1	2.6457513110645907	1	0	2	4
f__Bacillaceae_A	1	3.3166247903554	3	4	1	3
p__Cyanobacteria	1	7.937253933193772	0	63	0	0
